-0.223691 0.0941203 0.302124 0.903006 0.613385 -0.875729 -0.287456 -0.584238 0.305283 -0.195658 
-0.110116 0.113392 0.379257 0.981523 0.504786 -0.871977 -0.371901 -0.495695 0.255853 -0.153493 
-0.0289397 0.0383193 0.348937 0.859027 0.390531 -0.895068 -0.373191 -0.612861 0.121066 -0.203024 
-0.0908716 -0.0888629 0.474456 0.809626 0.301696 -0.760405 -0.504169 -0.717138 0.270989 -0.215668 
-0.0306751 -0.134598 0.397344 0.937704 0.374481 -0.795672 -0.360791 -0.68851 0.26891 -0.12074 
-0.179806 -0.28435 0.389606 1.05762 0.333141 -0.833756 -0.473276 -0.594082 0.222399 -0.153292 
-0.183506 -0.273294 0.524843 1.06993 0.351262 -0.841545 -0.406542 -0.46041 0.132284 -0.175101 
-0.15682 -0.217536 0.633123 1.11042 0.466444 -0.707876 -0.449698 -0.416707 0.202713 -0.0677783 
-0.266666 -0.174881 0.561365 0.970898 0.550058 -0.639314 -0.433095 -0.512719 0.152853 -0.0453803 
-0.242834 -0.0712606 0.548663 0.830343 0.510879 -0.761644 -0.421193 -0.512018 0.103896 -0.00918231 
-0.276529 0.0638141 0.663477 0.784455 0.499687 -0.679887 -0.303974 -0.424114 0.0455679 -0.12863 
-0.224867 0.0893245 0.650854 0.67382 0.61662 -0.565155 -0.181507 -0.473363 0.0002795 -0.258438 
-0.133803 -0.0594614 0.575196 0.820282 0.584515 -0.569385 -0.247952 -0.372631 0.0864085 -0.396913 
-0.121979 0.0447004 0.430794 0.720003 0.650647 -0.423317 -0.220709 -0.422236 0.225846 -0.510694 
-0.168848 0.0511836 0.516426 0.655172 0.578092 -0.4896 -0.199569 -0.309376 0.280931 -0.417832 
-0.0654207 -0.06465 0.512033 0.786877 0.428453 -0.609048 -0.0552114 -0.38301 0.294974 -0.392702 
0.000286017 0.00619904 0.640558 0.844594 0.367225 -0.644728 0.0288047 -0.420546 0.208422 -0.258751 
0.116062 -0.0099807 0.519162 0.877084 0.335718 -0.570152 -0.00922698 -0.398356 0.299667 -0.193332 
-0.0225765 -0.012269 0.529583 0.750373 0.327896 -0.533496 -0.118584 -0.393331 0.263677 -0.241001 
-0.000224588 -0.138108 0.495292 0.706478 0.350533 -0.556779 -0.0798587 -0.499118 0.170983 -0.3752 
-0.0949215 -0.101621 0.44113 0.706113 0.408484 -0.430118 -0.0552718 -0.463602 0.216047 -0.228938 
-0.113096 -0.0769047 0.547723 0.587659 0.504218 -0.423242 -0.115709 -0.337359 0.167541 -0.107914 
-0.102174 -0.0838686 0.476538 0.46903 0.47874 -0.278617 -0.160438 -0.485498 0.0826503 -0.251282 
-0.105158 -0.0651809 0.469556 0.544194 0.431158 -0.156152 -0.211667 -0.38643 0.188748 -0.142097 
-0.0236204 -0.204404 0.556045 0.672866 0.438446 -0.105859 -0.0733216 -0.520616 0.15404 -0.0740411 
-0.12035 -0.0812702 0.448287 0.565866 0.489118 0.0301353 -0.0978516 -0.636485 0.0941189 -0.165508 
-0.246118 0.000409672 0.491748 0.608076 0.433287 -0.0211265 -0.0884726 -0.611303 0.211872 -0.266285 
-0.105783 -0.102701 0.352141 0.728517 0.438986 -0.167836 -0.0338497 -0.625339 0.065848 -0.256477 
-0.204667 -0.181241 0.297038 0.745352 0.383709 -0.177541 0.0127603 -0.585231 0.0529271 -0.317707 
-0.162501 -0.172824 0.193502 0.684541 0.331447 -0.176731 -0.0845761 -0.518453 0.134227 -0.396106 
-0.0997271 -0.222623 0.259225 0.743534 0.244668 -0.0939369 -0.10044 -0.651802 0.221306 -0.473125 
-0.0291612 -0.127761 0.303773 0.89227 0.28651 -0.172152 -0.0485672 -0.736437 0.188198 -0.53357 
0.0107201 -0.0951387 0.271308 0.777752 0.258949 -0.235138 -0.121065 -0.723371 0.228112 -0.594747 
-0.00510982 -0.0572732 0.335982 0.762228 0.149482 -0.226868 -0.063771 -0.731771 0.317394 -0.532868 
-0.0700022 -0.102448 0.277841 0.702313 0.0751622 -0.289419 -0.192204 -0.742666 0.415116 -0.546648 
0.00853708 0.0397274 0.150804 0.789501 -0.0427236 -0.403873 -0.171606 -0.83465 0.386333 -0.399427 
0.0288638 0.148108 0.00483076 0.87778 0.0434232 -0.370255 -0.290756 -0.922715 0.395187 -0.441937 
0.0818113 0.179937 -0.0826501 0.74099 0.156188 -0.324849 -0.244834 -0.994836 0.506831 -0.501232 
0.0245223 0.10075 0.0419833 0.79112 0.24847 -0.217722 -0.272152 -0.967703 0.422983 -0.437124 
0.0646883 0.185246 -0.0467296 0.793895 0.153305 -0.0968498 -0.169561 -1.1129 0.525249 -0.312209 
-0.0416 0.0424186 0.0553353 0.698218 0.173735 -0.0155034 -0.263197 -1.25755 0.432027 -0.42875 
0.0264944 0.189121 -0.0143469 0.77571 0.240359 0.065696 -0.403537 -1.23675 0.320383 -0.443591 
-0.0527005 0.0705727 -0.0534632 0.925498 0.173174 0.127475 -0.453793 -1.15006 0.342278 -0.57792 
-0.125057 0.0143086 -0.0337939 0.936544 0.22562 0.229703 -0.444304 -1.24906 0.472758 -0.61357 
-0.104359 0.0827304 -0.0573102 0.950386 0.22081 0.357296 -0.411745 -1.24374 0.364249 -0.512243 
-0.0227817 0.0663976 -0.032832 0.838037 0.312777 0.270867 -0.488389 -1.20504 0.254778 -0.372617 
-0.152342 0.19706 0.0510386 0.696356 0.335258 0.284711 -0.581471 -1.12691 0.401483 -0.520832 
-0.0623693 0.14278 -0.086493 0.687995 0.297495 0.25681 -0.436824 -1.09855 0.319805 -0.428406 
-0.0627468 0.0852832 -0.146696 0.555802 0.287334 0.298902 -0.291687 -1.17473 0.455293 -0.424744 
-0.108811 0.154362 -0.0245314 0.417635 0.287641 0.158183 -0.364485 -1.26703 0.453279 -0.321492 
0.0217043 0.0768254 0.0216078 0.508637 0.318671 0.137481 -0.398259 -1.2445 0.368607 -0.328442 
0.0189085 0.0877968 -0.0539689 0.505239 0.291493 0.0977937 -0.344432 -1.11865 0.239292 -0.216693 
-0.0623227 0.12222 0.0732362 0.402994 0.283199 0.0570067 -0.300271 -1.21361 0.157404 -0.296748 
-0.191729 0.236623 0.210253 0.331579 0.133907 -0.0177134 -0.282085 -1.24646 0.173627 -0.285602 
-0.105562 0.286398 0.229066 0.29171 0.119493 0.0369691 -0.149253 -1.29105 0.1232 -0.291069 
-0.228446 0.182348 0.112787 0.420531 0.0670541 -0.0051695 -0.00787878 -1.17962 0.159663 -0.354462 
-0.336744 0.238332 0.0268008 0.398583 0.00258104 -0.115497 -0.0518492 -1.17442 0.23469 -0.423399 
-0.215328 0.208885 -0.0409315 0.312701 0.0799106 0.0172349 -0.00312488 -1.09486 0.306345 -0.418127 
-0.187453 0.152491 -0.151005 0.446529 0.189933 -0.0188807 -0.0638439 -1.09027 0.25093 -0.566385 
-0.225915 0.259037 -0.160938 0.462933 0.17466 -0.079228 -0.0120946 -1.01525 0.177103 -0.506018 
-0.309813 0.109932 -0.0784238 0.386667 0.167187 0.0129688 -0.0516643 -1.16432 0.184685 -0.525837 
-0.222186 0.233529 -0.128627 0.493271 0.0191257 -0.0331006 -0.167936 -1.12532 0.14978 -0.383213 
-0.278084 0.184169 -0.053815 0.353124 0.0391729 -0.09318 -0.266524 -1.05979 0.266139 -0.270374 
-0.297252 0.161667 0.0762974 0.396353 -0.0460951 0.0177577 -0.160535 -1.11809 0.389495 -0.234922 
-0.241756 0.277055 -0.0355243 0.440795 -0.185543 -0.0215547 -0.0564579 -1.1874 0.271747 -0.347121 
-0.225321 0.289216 -0.0468119 0.53813 -0.318692 -0.134651 -0.20137 -1.32051 0.249827 -0.38395 
-0.254543 0.388704 0.0559918 0.671067 -0.26113 -0.170887 -0.259655 -1.22492 0.181577 -0.478039 
-0.31264 0.508854 0.127642 0.629667 -0.124695 -0.24291 -0.353304 -1.31946 0.147303 -0.411653 
-0.17108 0.491167 0.230495 0.620503 -0.22681 -0.180163 -0.336617 -1.17075 0.0979516 -0.426187 
-0.269257 0.507899 0.204264 0.577077 -0.109427 -0.201676 -0.415408 -1.14454 0.0780241 -0.369018 
-0.202307 0.548559 0.327093 0.519113 -0.178207 -0.126315 -0.498983 -1.04363 -0.0439669 -0.430932 
-0.0711506 0.491768 0.430959 0.585619 -0.245685 -0.260339 -0.591967 -1.19305 0.0593718 -0.531062 
-0.0817183 0.540757 0.339854 0.646228 -0.261813 -0.135968 -0.474136 -1.29847 0.0276307 -0.492729 
-0.0628494 0.687736 0.397662 0.764328 -0.238615 -0.0404338 -0.431578 -1.42062 0.0245807 -0.608725 
0.0531957 0.571186 0.489096 0.854152 -0.319621 -0.0622823 -0.293188 -1.3134 0.0437375 -0.589188 
0.105112 0.558162 0.55178 0.812513 -0.235115 0.0258322 -0.26149 -1.32392 0.0355154 -0.66031 
0.0578228 0.592166 0.51292 0.718232 -0.184969 -0.030012 -0.361635 -1.34932 0.108364 -0.78613 
-0.00586468 0.633954 0.627933 0.79118 -0.138058 0.0820915 -0.430311 -1.27305 0.151261 -0.861108 
-0.0236231 0.491212 0.532339 0.896326 -0.0320128 0.166673 -0.459527 -1.18644 0.142098 -0.767713 
-0.00313313 0.578769 0.493321 1.02249 -0.147595 0.0227443 -0.405234 -1.26889 0.248869 -0.630992 
0.00807938 0.52637 0.360469 1.13847 -0.261435 0.102101 -0.263449 -1.20096 0.263906 -0.729917 
0.0408145 0.392314 0.414016 1.1058 -0.207967 0.204032 -0.251419 -1.0597 0.137217 -0.766372 
0.0662752 0.386576 0.291097 1.19001 -0.152641 0.100916 -0.245087 -0.990503 0.279519 -0.753282 
0.147601 0.269431 0.404746 1.09078 -0.0523425 0.117435 -0.364668 -1.01089 0.212205 -0.660171 
0.140039 0.294702 0.293419 1.07644 -0.159303 -0.0114796 -0.399052 -1.12583 0.284501 -0.645416 
0.168278 0.385814 0.20002 1.02945 -0.0375718 -0.0644148 -0.483293 -1.25875 0.13519 -0.635959 
0.278911 0.512709 0.109923 0.903644 0.0256824 -0.0696492 -0.387132 -1.18472 0.163803 -0.718376 
0.231488 0.65169 -0.0198835 0.900964 -0.0125993 -0.199687 -0.443192 -1.28178 0.0492314 -0.780395 
0.242885 0.6558 -0.104654 0.963524 -0.00377306 -0.321122 -0.409663 -1.16505 0.108716 -0.640128 
0.365807 0.677329 0.0289835 1.0159 -0.121062 -0.332935 -0.50416 -1.17228 0.207996 -0.60119 
0.467655 0.672707 0.0972142 1.01902 -0.118584 -0.38233 -0.637837 -1.14859 0.263522 -0.483792 
0.551751 0.577864 0.161619 0.991505 -0.20988 -0.289769 -0.587166 -1.21339 0.228699 -0.552494 
0.48023 0.617275 0.0311067 1.01041 -0.0883573 -0.244586 -0.501172 -1.32681 0.174911 -0.546965 
0.437301 0.618361 -0.00640521 0.995194 -0.134464 -0.136202 -0.57194 -1.28895 0.0349891 -0.50817 
0.545444 0.686135 -0.0177415 0.935053 0.0133703 -0.240015 -0.581447 -1.17447 -0.112307 -0.449479 
0.648474 0.759966 -0.000724955 1.00364 0.0662715 -0.170184 -0.686829 -1.12607 -0.0346575 -0.578577 
0.710976 0.834058 0.0731194 0.995492 0.145286 -0.207516 -0.66232 -1.02654 -0.143432 -0.57693 
0.644345 0.936999 -0.0702533 0.91318 0.249113 -0.110749 -0.545273 -1.03088 -0.130142 -0.496937 
0.518644 1.03804 -0.097438 0.769012 0.210233 0.0255991 -0.397293 -1.06736 -0.269541 -0.370996 
0.627071 1.16245 -0.195858 0.682946 0.0804006 0.0826121 -0.445814 -1.06984 -0.308195 -0.462224 
0.734201 1.30507 -0.212266 0.554837 0.172951 -0.00505153 -0.354268 -0.985106 -0.304111 -0.457078 
0.595547 1.41706 -0.277367 0.658175 0.186241 -0.0392011 -0.207516 -1.08457 -0.191136 -0.504363 
0.518877 1.53609 -0.174757 0.706009 0.0391796 0.0771532 -0.1705 -1.1937 -0.18111 -0.57256 
0.645342 1.50251 -0.28695 0.720535 0.0137783 0.0726359 -0.301588 -1.22675 -0.074052 -0.595887 
0.710475 1.59112 -0.426049 0.835229 -0.10148 0.114139 -0.217599 -1.35751 -0.0467884 -0.481639 
0.807263 1.63529 -0.495879 0.693857 0.0446017 0.149576 -0.124572 -1.25086 0.0670098 -0.421393 
0.743484 1.75771 -0.564243 0.547039 0.144984 0.134634 -0.249623 -1.1911 0.215706 -0.302179 
0.813782 1.82666 -0.495854 0.454928 0.149526 0.144762 -0.297004 -1.28808 0.0942396 -0.233123 
0.791483 1.97632 -0.445068 0.412105 0.064 0.201366 -0.21954 -1.18253 0.0460035 -0.38238 
0.679629 2.03911 -0.43095 0.503086 0.0533265 0.0693292 -0.314103 -1.32906 0.0111359 -0.388432 
0.812622 2.05223 -0.385209 0.567877 0.132588 -0.0163465 -0.281212 -1.33446 0.101105 -0.277043 
0.702761 2.06886 -0.273184 0.650487 0.0247557 0.0839177 -0.29178 -1.31688 0.192026 -0.256083 
0.71995 2.17096 -0.386286 0.544347 0.0975702 0.233576 -0.273744 -1.42252 0.131984 -0.373984 
0.647537 2.1013 -0.307874 0.489337 0.101697 0.13351 -0.332657 -1.44814 0.219675 -0.29084 
0.552071 2.00136 -0.174057 0.625282 0.0049552 0.149414 -0.441332 -1.34702 0.093033 -0.38869 
0.46639 2.06692 -0.0467463 0.633449 -0.11527 0.0358523 -0.554313 -1.27363 0.21537 -0.245577 
0.368558 1.95917 -0.148758 0.618195 -0.0312546 -0.043187 -0.653159 -1.3622 0.14867 -0.346012 
0.517739 1.81712 -0.0921759 0.471237 -0.0601032 -0.0425666 -0.617425 -1.41317 0.114949 -0.385115 
0.59856 1.69628 -0.132666 0.36191 -0.0157902 -0.0790851 -0.540858 -1.2957 0.0900798 -0.526317 
0.574647 1.55368 -0.0566403 0.505939 -0.0771532 -0.116124 -0.633409 -1.14913 0.0935345 -0.443583 
0.45138 1.54273 -0.0233812 0.609253 0.000663581 -0.212223 -0.637696 -1.14225 -0.0109896 -0.522444 
0.407458 1.61883 -0.00236002 0.475032 -0.137794 -0.127571 -0.54073 -1.17346 0.0565622 -0.484088 
0.426051 1.576 0.0566022 0.44263 -0.0285238 -0.232552 -0.509346 -1.06778 0.00872524 -0.479346 
0.363342 1.69896 -0.0315672 0.469546 -0.0980699 -0.235504 -0.42643 -1.02224 -0.0213251 -0.556103 
0.286538 1.65886 -0.146107 0.348222 -0.145338 -0.267879 -0.383597 -1.13051 -0.026432 -0.672394 
0.328313 1.6901 -0.270243 0.234989 -0.0556274 -0.397882 -0.343712 -0.988438 -0.127728 -0.777231 
0.327707 1.55428 -0.149683 0.230986 0.0922782 -0.462503 -0.246566 -1.02381 -0.115148 -0.734249 
0.401681 1.65096 -0.090185 0.114395 -0.0371506 -0.481226 -0.229068 -1.11844 0.0174469 -0.755745 
0.475451 1.73337 -0.22603 0.0213799 -0.0912151 -0.539321 -0.170984 -1.03073 0.116016 -0.811703 
0.59522 1.60173 -0.177873 -0.104215 -0.124124 -0.399658 -0.0596625 -1.13573 0.214857 -0.770591 
0.447544 1.55245 -0.0613317 -0.0659714 -0.175692 -0.254417 -0.153178 -1.02259 0.0904488 -0.667638 
0.357803 1.51026 -0.0857982 0.000688563 -0.260322 -0.274613 -0.176864 -0.904537 -0.0391569 -0.65277 
0.37652 1.56044 0.0398104 -0.00937261 -0.206696 -0.13074 -0.129963 -1.00072 0.0979998 -0.601623 
0.31083 1.55216 -0.0462104 0.130174 -0.261542 -0.10872 -0.206374 -1.11513 0.131217 -0.730268 
0.45003 1.55586 0.10302 0.044713 -0.212401 -0.228273 -0.0962263 -0.997638 0.20859 -0.729532 
0.327807 1.49305 0.0991815 0.0853027 -0.141615 -0.0953492 -0.0650756 -0.921466 0.278151 -0.627161 
0.229321 1.60405 0.0812721 0.0965426 -0.152817 -0.104153 -0.0195124 -1.06475 0.337011 -0.50324 
0.168913 1.46792 -0.00509694 0.17415 -0.167279 -0.155228 0.105693 -1.07982 0.254177 -0.464123 
0.316219 1.31898 -0.00578466 0.166431 -0.127437 -0.264462 0.18685 -1.09187 0.27647 -0.575434 
0.170547 1.19384 -0.133867 0.307206 -0.256934 -0.32066 0.309077 -1.1532 0.389253 -0.486791 
0.253838 1.09755 -0.159715 0.167655 -0.142937 -0.423045 0.23239 -1.16115 0.323762 -0.446269 
0.151889 1.03194 -0.206622 0.142951 -0.284531 -0.410876 0.105065 -1.26851 0.230966 -0.434301 
0.14355 1.15613 -0.140725 0.138751 -0.37574 -0.488582 0.0593841 -1.30114 0.246433 -0.548607 
0.237919 1.20941 -0.118036 0.180292 -0.226676 -0.594481 0.0986543 -1.41031 0.174746 -0.422001 
0.188396 1.30182 -0.186606 0.176678 -0.175629 -0.538722 0.0873206 -1.45492 0.219155 -0.424105 
0.202791 1.26825 -0.265437 0.317948 -0.24209 -0.430161 0.116891 -1.37158 0.339467 -0.456497 
0.321765 1.37594 -0.339257 0.237116 -0.240049 -0.433045 0.012371 -1.42195 0.31991 -0.565694 
0.453237 1.31427 -0.294208 0.370747 -0.17948 -0.536783 -0.129769 -1.31057 0.178317 -0.579875 
0.482195 1.41026 -0.210089 0.475616 -0.20836 -0.463179 -0.222211 -1.41566 0.278281 -0.553772 
0.480351 1.54158 -0.262688 0.382211 -0.258471 -0.549527 -0.303785 -1.33024 0.41842 -0.648278 
0.355341 1.62763 -0.296622 0.342554 -0.141943 -0.67257 -0.334707 -1.27707 0.345842 -0.498937 
0.412473 1.49098 -0.301455 0.460486 -0.0690589 -0.547704 -0.231708 -1.26343 0.385047 -0.504319 
0.398415 1.51155 -0.272244 0.569857 -0.120401 -0.659914 -0.0854485 -1.36761 0.35225 -0.399855 
0.26251 1.54331 -0.255482 0.536138 -0.12067 -0.732804 0.0421621 -1.23183 0.208412 -0.41441 
0.186773 1.57499 -0.11044 0.446081 -0.270516 -0.648731 0.141202 -1.20353 0.112877 -0.396849 
0.273766 1.58619 0.0236187 0.490918 -0.280551 -0.697353 0.173783 -1.31091 -0.023584 -0.485317 
0.285099 1.68743 0.164341 0.399715 -0.147624 -0.814852 0.160923 -1.24814 0.048597 -0.519549 
0.269978 1.6934 0.231022 0.291651 -0.26664 -0.71135 0.26826 -1.18617 -0.00648116 -0.666292 
0.380117 1.80112 0.0979503 0.207532 -0.379521 -0.597449 0.307186 -1.09653 0.0529553 -0.577711 
0.279024 1.65348 0.092919 0.177633 -0.522871 -0.582238 0.191352 -1.10002 0.154552 -0.651407 
0.305355 1.54081 0.121496 0.0548608 -0.542841 -0.73076 0.312645 -1.02952 0.209114 -0.735 
0.391843 1.42375 0.0576845 -0.0336244 -0.566235 -0.714973 0.194307 -1.03859 0.178018 -0.796512 
0.399979 1.50628 0.039802 0.113597 -0.540169 -0.691021 0.245798 -1.17862 0.28383 -0.884066 
0.349089 1.45173 0.170702 0.234956 -0.530995 -0.838499 0.113729 -1.18878 0.365656 -0.774175 
0.3841 1.39708 0.136215 0.0882848 -0.649489 -0.780171 0.100921 -1.07867 0.476305 -0.685594 
0.242669 1.51546 0.0811849 0.204747 -0.720763 -0.905685 -0.0158717 -0.957227 0.341154 -0.796216 
0.263971 1.59373 0.166065 0.089598 -0.827821 -0.977052 0.0812458 -0.937559 0.40437 -0.662696 
0.19795 1.58611 0.115066 0.0861026 -0.892162 -0.917016 0.118841 -1.07109 0.306581 -0.515175 
0.303881 1.72313 0.153798 0.235078 -0.744686 -0.950555 0.111057 -0.972782 0.296142 -0.560982 
0.39259 1.83309 0.26821 0.191843 -0.736702 -0.986804 -0.033404 -0.923145 0.342831 -0.677009 
0.4049 1.83794 0.235385 0.285723 -0.86409 -0.890749 0.106188 -0.930309 0.377899 -0.675525 
0.500845 1.84036 0.14555 0.410856 -0.860161 -0.753054 0.0920074 -0.876104 0.400944 -0.74142 
0.573291 1.88097 0.111262 0.334409 -0.823829 -0.76462 -0.0333117 -0.793035 0.542896 -0.620781 
0.638383 2.00204 0.116253 0.221095 -0.675397 -0.632356 -0.0846239 -0.70514 0.431372 -0.765369 
0.651798 2.11274 0.000318758 0.147624 -0.626661 -0.676737 0.0317465 -0.848545 0.417763 -0.846642 
0.528086 2.10509 -0.139645 0.134332 -0.480775 -0.594036 -0.0254015 -0.957971 0.566609 -0.7682 
0.39916 2.03303 -0.0533796 0.232496 -0.424684 -0.510756 -0.0371362 -0.934947 0.596792 -0.854459 
0.372845 2.07873 0.0210272 0.368545 -0.43633 -0.504423 0.0882872 -0.954123 0.691052 -0.757472 
0.24334 2.11491 0.0895925 0.259527 -0.326197 -0.591058 0.154773 -0.918539 0.694873 -0.723108 
0.278859 2.07291 0.0429768 0.161443 -0.214041 -0.503544 0.186675 -0.819735 0.625763 -0.668145 
0.25872 2.18584 -0.0812302 0.226923 -0.325647 -0.624475 0.278099 -0.720207 0.610773 -0.52735 
0.294735 2.06042 -0.212228 0.364019 -0.269435 -0.681462 0.310073 -0.670263 0.50503 -0.401331 
0.399234 2.05605 -0.17264 0.29201 -0.167157 -0.686106 0.186686 -0.554796 0.425659 -0.319389 
0.538121 1.99511 -0.108676 0.231895 -0.11647 -0.639488 0.218811 -0.451629 0.439573 -0.348693 
0.518425 1.97728 0.012809 0.199082 -0.0980189 -0.649699 0.205808 -0.478641 0.404178 -0.199956 
0.506133 1.98913 0.0142589 0.269244 -0.095339 -0.628946 0.068441 -0.34506 0.445693 -0.28587 
0.38249 2.10287 0.114153 0.335141 -0.140883 -0.757206 0.0736356 -0.347937 0.414331 -0.249121 
0.442699 1.99033 0.0462901 0.414677 -0.0766574 -0.630284 -0.0199989 -0.394452 0.311992 -0.145785 
0.545213 1.93063 0.108936 0.531619 -0.205573 -0.666806 0.0983951 -0.529344 0.298107 -0.294655 
0.562277 1.85656 0.0079961 0.536964 -0.290049 -0.699197 0.106215 -0.610193 0.204336 -0.199429 
0.69262 1.81053 -0.0635038 0.67258 -0.422933 -0.559259 -0.0179499 -0.704987 0.162889 -0.122231 
0.806942 1.80665 -0.115207 0.586142 -0.283174 -0.617797 0.0231577 -0.756925 0.165027 -0.233511 
0.840513 1.83076 -0.24977 0.604917 -0.284277 -0.502371 -0.020376 -0.696409 0.148303 -0.229213 
0.742985 1.91405 -0.139617 0.507102 -0.275236 -0.5431 0.05837 -0.81126 0.234824 -0.122464 
0.656892 1.80145 -0.248676 0.3964 -0.395752 -0.531089 -0.0306531 -0.830074 0.190458 -0.0866681 
0.707164 1.6525 -0.25773 0.445961 -0.340082 -0.487045 -0.0702023 -0.717085 0.0894411 -0.0777688 
0.700818 1.7046 -0.278604 0.393887 -0.380646 -0.489749 -0.123649 -0.864572 0.0436753 -0.145783 
0.78162 1.62698 -0.299881 0.355262 -0.269087 -0.584957 -0.0989584 -0.976212 -0.0578631 -0.161043 
0.85963 1.69601 -0.339892 0.375719 -0.28695 -0.536208 0.0415847 -1.00592 0.0296322 -0.0947579 
0.986833 1.66848 -0.342384 0.39883 -0.413636 -0.573031 0.165731 -0.9775 0.121624 -0.0253804 
0.954595 1.80038 -0.386454 0.462464 -0.547443 -0.552318 0.304197 -0.87306 0.0582148 -0.1162 
1.00163 1.79759 -0.395665 0.403433 -0.52795 -0.614253 0.41869 -0.750948 0.137827 -0.0606884 
0.852293 1.73315 -0.25829 0.460784 -0.492792 -0.681757 0.286445 -0.757873 0.114386 -0.200209 
0.743011 1.84522 -0.125233 0.59444 -0.456083 -0.569879 0.339209 -0.719611 -0.00789796 -0.243597 
0.721063 1.98288 -0.0363343 0.558285 -0.542187 -0.485592 0.421628 -0.581657 -0.038649 -0.328652 
0.72828 1.83421 0.100664 0.552977 -0.405945 -0.337737 0.454524 -0.466243 0.0305265 -0.363289 
0.734751 1.86165 -0.0144461 0.599336 -0.424682 -0.473944 0.317569 -0.336522 0.0678834 -0.307099 
0.829187 1.84109 0.0779595 0.577678 -0.499196 -0.465105 0.349557 -0.274361 0.045324 -0.22709 
0.809307 1.79525 0.0330598 0.607288 -0.47269 -0.428758 0.300792 -0.305868 0.00148082 -0.33488 
0.865467 1.87888 -0.0580515 0.751356 -0.482239 -0.363311 0.378897 -0.262935 -0.133986 -0.431039 
0.866353 1.7363 -0.0706891 0.705996 -0.491787 -0.424819 0.267206 -0.298009 -0.11729 -0.351866 
0.860243 1.73367 -0.146764 0.60018 -0.410762 -0.491198 0.276009 -0.333801 -0.139539 -0.483227 
0.73059 1.78933 -0.285312 0.647609 -0.457444 -0.347732 0.187215 -0.421527 -0.110846 -0.607393 
0.842641 1.90472 -0.201833 0.649339 -0.495614 -0.205152 0.166847 -0.275421 -0.0812806 -0.554675 
0.954629 1.8808 -0.155193 0.548285 -0.465542 -0.0784313 0.187255 -0.15678 -0.0874707 -0.477819 
0.913511 1.86919 -0.108978 0.655023 -0.451062 -0.127301 0.0758367 -0.104768 0.00822714 -0.399998 
0.998834 1.78928 -0.0175001 0.661221 -0.36472 -0.135197 0.0386954 0.0399361 -0.109687 -0.369182 
0.849448 1.92226 -0.0753119 0.80939 -0.289599 0.00209151 0.0962339 -0.00718974 -0.0829939 -0.491441 
0.863998 1.84554 0.0219236 0.864705 -0.25 -0.0604107 0.0356808 0.12154 0.0664903 -0.600697 
0.904276 1.71331 0.035697 0.788335 -0.166233 -0.166207 -0.0316332 0.119823 0.0139515 -0.745848 
0.823027 1.77189 0.113979 0.896479 -0.143617 -0.264486 0.0415738 0.146664 -0.011938 -0.849969 
0.750941 1.86552 -0.0222909 0.848569 -0.0898636 -0.267172 0.0520879 0.177177 0.102754 -0.868574 
0.640561 1.77441 -0.114542 0.739076 -0.0441531 -0.297495 -0.0607051 0.294176 0.0782611 -0.825304 
0.611035 1.82205 0.0175455 0.856745 0.0142028 -0.22394 0.0792425 0.433852 0.0685608 -0.93536 
0.68474 1.92747 0.017711 0.756382 0.162394 -0.272666 0.0402699 0.359577 0.0451423 -1.0339 
0.722492 1.90106 0.00247386 0.896718 0.0921818 -0.238998 0.0252361 0.454953 -0.0745179 -1.07734 
0.680322 1.88285 0.0477498 0.925346 0.197748 -0.281678 0.0817563 0.421424 -0.0317286 -1.21387 
0.667429 1.75244 -0.0862034 0.991891 0.159653 -0.147339 -0.00815044 0.419817 -0.101792 -1.34487 
0.752723 1.79954 -0.236039 0.994136 0.287541 -0.250811 -0.123631 0.341425 -0.116733 -1.38599 
0.698995 1.84814 -0.161476 0.849179 0.255364 -0.372263 0.0182011 0.427687 -0.195991 -1.35606 
0.673886 1.77929 -0.242312 0.954455 0.310461 -0.484612 0.119603 0.295577 -0.267508 -1.41592 
0.677413 1.72197 -0.325708 1.01127 0.429715 -0.449508 0.039995 0.380201 -0.411062 -1.36759 
0.701225 1.57241 -0.406811 0.980174 0.378313 -0.341149 -0.000379278 0.420027 -0.527473 -1.27652 
0.778769 1.46465 -0.349584 1.00419 0.373995 -0.480485 -0.0854036 0.50293 -0.661334 -1.37397 
0.918936 1.48377 -0.349201 0.85959 0.295476 -0.411626 -0.161001 0.522967 -0.635607 -1.24165 
0.934183 1.56658 -0.362522 0.786116 0.239964 -0.476513 -0.0990422 0.610119 -0.58997 -1.192 
1.07961 1.50193 -0.309173 0.776864 0.343354 -0.369375 0.0506673 0.740838 -0.52712 -1.23857 
1.06128 1.61889 -0.300993 0.846037 0.370099 -0.475657 0.0403583 0.666516 -0.443534 -1.18128 
1.0646 1.71526 -0.196811 0.903124 0.361737 -0.400298 0.148822 0.589022 -0.420726 -1.08757 
0.97344 1.7063 -0.314432 1.0111 0.237426 -0.280609 0.255125 0.508487 -0.439919 -1.0388 
1.0872 1.66609 -0.396649 1.00795 0.246181 -0.39659 0.17582 0.552116 -0.484535 -0.991845 
0.941604 1.62389 -0.322834 1.13719 0.316275 -0.251377 0.0310508 0.593592 -0.584601 -1.09923 
0.908368 1.51811 -0.423553 1.02115 0.258981 -0.127666 -0.0042695 0.607491 -0.53172 -0.972884 
0.869953 1.38125 -0.307621 0.887499 0.273547 -0.234939 0.103308 0.571547 -0.657468 -0.872817 
0.801983 1.47774 -0.455959 0.873761 0.276216 -0.142456 0.0929777 0.710501 -0.531252 -0.846764 
0.765656 1.58092 -0.537874 0.801643 0.169024 -0.234175 0.0869177 0.606041 -0.394738 -0.978905 
0.907233 1.61101 -0.462157 0.71999 0.116814 -0.184858 0.0702615 0.665786 -0.258136 -0.977733 
0.807367 1.62358 -0.334618 0.772155 0.0884934 -0.29426 0.022567 0.646639 -0.269177 -0.861963 
0.810228 1.65069 -0.368743 0.810069 0.153625 -0.423768 0.140755 0.660791 -0.181794 -0.83557 
0.678719 1.64068 -0.468696 0.711758 0.00635018 -0.397097 0.256093 0.522494 -0.293456 -0.941025 
0.661924 1.66902 -0.402735 0.636264 0.0212048 -0.346233 0.401383 0.600162 -0.386343 -1.00694 
0.677482 1.62635 -0.444658 0.569262 -0.119652 -0.378782 0.303905 0.569308 -0.237313 -0.973168 
0.684325 1.48499 -0.295111 0.476817 -0.228344 -0.232366 0.314113 0.463032 -0.171869 -1.07604 
0.675223 1.51398 -0.261474 0.526841 -0.166298 -0.178681 0.164948 0.498555 -0.116226 -1.02322 
0.56938 1.58903 -0.279617 0.565809 -0.167666 -0.163577 0.291551 0.585512 0.0062857 -0.998728 
0.523168 1.63414 -0.232273 0.631243 -0.272118 -0.0224435 0.309055 0.667784 0.0994121 -1.1269 
0.439506 1.5691 -0.179075 0.731595 -0.13932 -0.155111 0.289373 0.566865 0.0697094 -1.02418 
0.486272 1.66219 -0.218515 0.793639 -0.123003 -0.175113 0.396624 0.471909 0.120297 -1.16215 
0.37666 1.64961 -0.139583 0.873184 -0.138189 -0.071312 0.384778 0.322643 0.101287 -1.02342 
0.487888 1.52714 -0.173658 0.954946 -0.115347 -0.0165688 0.446224 0.462934 0.000750865 -1.15764 
0.615041 1.62373 -0.272951 0.948776 0.0231923 0.109493 0.49727 0.329983 -0.104908 -1.08373 
0.497336 1.6701 -0.32404 1.05079 0.161493 0.218048 0.445189 0.254182 -0.240122 -0.994581 
0.432935 1.67395 -0.221573 1.05526 0.050247 0.208731 0.363433 0.185786 -0.194703 -0.966245 
0.398074 1.73412 -0.117772 1.13606 0.135213 0.317965 0.388102 0.151984 -0.344046 -0.979015 
0.257143 1.76506 -0.063179 1.00815 0.0626385 0.296415 0.33638 0.149355 -0.287945 -0.936295 
0.12121 1.69127 -0.03474 1.09574 0.172462 0.362724 0.324916 0.109693 -0.15971 -1.05482 
0.0683272 1.76338 0.102943 0.998209 0.0247017 0.384029 0.181211 0.123681 -0.0336576 -1.11898 
0.176382 1.68781 0.228519 0.882737 -0.0611577 0.51073 0.0609466 0.249549 0.0296524 -1.00146 
0.18683 1.69127 0.273114 0.833772 -0.165248 0.442843 -0.0878281 0.149609 -0.053283 -1.07684 
0.22019 1.67031 0.208222 0.688393 -0.276748 0.523552 -0.174918 0.265113 -0.159745 -1.09821 
0.348691 1.69775 0.105668 0.723263 -0.424431 0.444103 -0.140058 0.191304 -0.225835 -0.958976 
0.321852 1.65433 0.247601 0.652835 -0.338642 0.521868 0.00413344 0.200948 -0.28876 -0.895175 
0.356124 1.78868 0.110652 0.630328 -0.385389 0.579744 0.103054 0.280629 -0.285851 -0.900369 
0.45266 1.83859 0.137483 0.525994 -0.503395 0.594665 0.192931 0.192084 -0.245016 -0.976557 
0.428837 1.87109 0.242938 0.626733 -0.448062 0.560002 0.152665 0.325699 -0.171153 -0.917449 
0.510952 1.79661 0.253806 0.708839 -0.428715 0.612088 0.131613 0.381829 -0.234297 -0.941733 
0.543008 1.88396 0.265923 0.687463 -0.351596 0.601305 0.244352 0.434163 -0.161441 -1.02896 
0.674047 1.75548 0.345311 0.649713 -0.206114 0.711272 0.283847 0.293416 -0.0446769 -0.931588 
0.612423 1.69709 0.207971 0.500682 -0.267751 0.636374 0.202408 0.207102 -0.118674 -0.836803 
0.507074 1.64998 0.211786 0.477468 -0.187729 0.65908 0.264187 0.0849816 0.0160068 -0.807748 
0.451682 1.73826 0.241202 0.449661 -0.146306 0.513823 0.2301 -0.0501296 -0.0524099 -0.856875 
0.360804 1.69595 0.336315 0.31346 -0.0668068 0.651874 0.217061 -0.0444551 0.0259315 -0.970063 
0.24994 1.81292 0.312832 0.454746 -0.143821 0.525486 0.283937 0.0584318 0.0782927 -0.997054 
0.118561 1.78378 0.303452 0.475752 -0.288626 0.40161 0.244155 -0.0114224 0.079156 -1.12838 
0.166628 1.71499 0.369834 0.599694 -0.142888 0.382985 0.147646 -0.149359 0.191155 -1.20653 
0.225139 1.72308 0.478648 0.719674 -0.180869 0.415852 0.0493768 -0.0701373 0.0957514 -1.26744 
0.113408 1.84918 0.550671 0.673811 -0.036075 0.395821 -0.0199084 0.0783657 0.20724 -1.22368 
0.22987 1.96464 0.539318 0.581663 -0.0296037 0.325831 -0.0921726 -0.0241609 0.113549 -1.1069 
0.256625 1.93707 0.404362 0.590424 -0.120142 0.371583 -0.240909 -0.0995383 0.157609 -1.24945 
0.145505 1.85582 0.284941 0.724363 -0.250476 0.361415 -0.318936 -0.0420912 0.280373 -1.37226 
0.0619997 1.90961 0.29751 0.694312 -0.188013 0.249454 -0.243206 -0.0536276 0.292519 -1.34269 
0.104003 1.99065 0.257909 0.76629 -0.171267 0.326013 -0.279377 -0.0323813 0.329 -1.40271 
0.200407 1.95703 0.116539 0.730883 -0.23447 0.292767 -0.290789 0.0287213 0.259113 -1.27199 
0.254731 2.09441 0.130378 0.741513 -0.274642 0.326578 -0.189552 0.100815 0.270925 -1.36267 
0.338958 1.99477 0.277551 0.681934 -0.32569 0.433356 -0.153086 0.054451 0.353423 -1.43452 
0.300181 1.88252 0.366636 0.617744 -0.304564 0.343977 -0.100976 -0.0425015 0.258986 -1.44595 
0.391653 1.85463 0.232048 0.616649 -0.245836 0.42587 -0.0231332 -0.127075 0.18319 -1.49562 
0.339273 1.94441 0.13362 0.674743 -0.144053 0.52758 0.0243633 -0.235388 0.275725 -1.37266 
0.327011 1.97793 0.195329 0.703666 -0.176239 0.543105 -0.100668 -0.194761 0.167002 -1.2495 
0.28942 2.01629 0.074729 0.841404 -0.206178 0.453679 -0.215521 -0.164223 0.11767 -1.14208 
